A = [17 24 1 8 15; 23 5 7 14 16; 4 6 13 20 22; 10 12 19 21 3; 11 18 25 2 9;]
b1 = [2; 2; 3; 4; 1]
b2 = [4; -1; 4; -1; -1]
b3 = [4; 3; -2; -2; 4]
x1 = A\b1
x2 = A\b2
x3 = A\b3