A = [1 5 1; 2 3 5; 4 -1 5]
B = [3 2 3; 0 -1 1]
b1 = [26; 26; 34]
b2 = [16; 1]
Bt = [3 0; 2 -1; 3 1]

C = [A Bt; B zeros(2)]

X = C \ [b1; b2]
x1 = X(1:3,1)
x2 = X(4:5, 1)
